56418
15553
19778
6517
57788
32791
42699
53457
950
18511
8171
6189
37880
20017
12541
7768
12155
40182
16301
16017
38666
26219
13112
41073
1894
40850
42871
34001
46012
49131
57080
16352
9999
51820
5735
10203
38222
3769
8164
28580
6168
30540
41634
55836
38710
26234
9601
61946
42629
1234
16889
24339
64497
59176
18943
39120
42311
20118
4051
33652
51310
12380
52310
3452
15906
11182
48943
6633
39161
38904
44821
34288
21886
43929
63178
58017
50614
10558
4238
12208
24522
5574
19631
2629
5651
16823
31816
844
17277
17426
13751
15106
5053
14694
2280
42272
34776
52491
33998
4276
50937
58416
37106
62103
7679
38618
1282
8048
18305
57967
63502
56642
34566
55300
20633
41461
5675
42787
14786
16237
63240
16253
18132
21436
42255
53816
61893
26641
23147
63934
26890
61617
52466
64960
10574
13887
53204
36039
63298
21206
12309
25900
30748
48766
16013
4422
56186
11343
46024
56803
62224
40596
11850
9053
21054
60056
19279
28856
62854
22222
60041
417
50755
26098
18436
33819
36323
14779
18707
46430
33835
40500
17342
61206
14573
50651
8264
52038
49813
60571
33764
32107
41709
34522
38715
6137
64051
49222
25791
25940
22710
60979
65234
16420
45185
12651
62953
61400
44542
60774
53352
16410
42827
30087
29165
7328
41402
32288
50091
64295
55864
34056
42113
23226
13407
44790
43689
61194
53993
4398
41945
34775
30517
15765
59470
33855
41851
16177
31502
18376
38691
16776
58064
6175
18031
31718
33944
28254
18599
60668
51378
51697
14917
8550
15678
42484
17881
62235
23661
18541
61010
38518
18723
46391
681
46569
16363
22884
64929
1472
15791
50947
22208
63418
26193
39282
17381
51461
33933
57182
40884
28337
59353
65019
36798
10986
21751
14572
51561
17119
28842
63447
5355
12291
21003
40554
48610
12774
59633
45422
51242
44602
54765
62461
63695
52549
49589
50981
32203
6073
21202
3187
24222
2739
34583
1379
64334
1267
31834
38589
482
10264
62978
11143
11142
46970
7365
26679
13641
46883
55429
28567
19479
34218
37610
43161
9093
32390
22855
33421
14935
23927
63228
27787
10706
49479
21463
8572
64723
21194
52612
7252
23812
26304
25811
54260
17936
31808
286
39945
62534
28734
8730
21608
62532
14150
38116
35639
53240
9039
61576
17266
33057
19160
8842
6658
63055
21034
25078
13120
60392
18018
49306
57866
43687
13785
58226
52356
59230
59521
24156
59837
47020
24571
51440
51883
64622
20400
64590
30924
40910
25671
28908
53570
57711
13594
26942
44270
43671
64559
20406
43205
32109
30750
21859
52786
12519
37195
12128
17722
60921
53039
40468
14970
7461
19814
54924
5469
27966
35130
44521
24556
20450
2385
38291
32068
9595
59555
44663
42616
31892
46565
61119
2989
54806
51086
4579
22699
7499
9419
43915
60778
44513
58117
44038
38014
20373
26870
13877
24225
58706
24870
11233
3302
51185
24810
64516
24007
29378
58498
18316
60715
35971
24371
61970
45208
43505
50487
22002
32625
54001
20406
4993
24429
46943
54918
25335
20469
12430
10927
54633
10161
44873
30187
995
26315
18243
140
6630
2646
22346
32498
21287
55876
15583
27650
8458
1942
59631
9552
33754
27700
38325
49659
21424
19791
51914
42243
28299
7364
32432
59714
35165
39375
42188
11889
21051
40330
11862
24080
38842
22764
17389
29401
50588
22536
51022
34775
36691
3481
30834
48007
32238
19172
4703
12791
1691
61057
31059
33948
8734
22882
31003
43572
14704
14395
24215
10843
55787
51450
58759
49681
37014
39968
62373
22096
43588
37139
36482
45690
23010
24297
31188
32706
63782
53574
17356
43867
5913
11921
62158
321
50333
15014
32725
43769
52909
29472
12678
64323
12742
30961
24762
4940
14045
57949
16340
31262
6618
45227
44333
21912
26865
27282
40435
7135
9398
63365
13590
63241
1930
7380
32892
49331
53605
17562
12595
8988
26685
39817
30874
42748
34441
46679
49162
64260
24060
46612
57742
45633
26064
13331
16869
54112
46842
18138
1466
33401
9902
25029
8383
39932
24084
7453
11479
28552
44566
37965
33864
48990
21736
47186
44041
29403
29178
62768
36205
57955
26914
57062
40930
34665
63661
19675
63505
3629
40112
42672
12201
3754
60811
64182
27868
63782
46557
22895
6234
22319
21875
31397
24647
21976
20873
48154
50498
30702
26361
30649
5983
18651
7929
41953
27433
20863
27494
54323
19920
26913
41462
28704
29282
44234
55003
16163
1084
63571
62788
62637
64330
7403
30521
59441
12534
21279
35982
39991
28669
32839
12964
41585
26767
62348
57954
3755
58698
47909
20407
20286
5861
49609
21472
29637
33843
35893
43727
47748
35993
55820
10522
32331
21634
10717
36090
10747
63507
24674
61035
51364
34879
44348
4711
49456
23688
30112
53296
44981
55046
11833
12156
33890
48291
58051
40870
50488
36766
55817
27865
13461
63927
39544
34016
9988
50495
15360
25588
30555
23484
49810
10012
34039
25961
26277
57119
48439
20825
37297
16863
25455
4676
43350
16655
8603
47825
61273
12961
13446
21731
1259
33092
4065
64922
28476
2044
13961
6627
41007
39922
53446
12766
62079
151
41552
29247
4900
52527
17475
63038
62507
13645
39031
16729
32342
20638
62414
55706
18473
24390
26785
55438
2503
42961
22875
54694
56931
18422
16948
32711
38181
39709
44963
2204
60923
30284
6732
37363
6496
16795
57502
46929
50862
6523
38607
9043
31189
24200
12058
42101
26819
1822
6863
7930
18835
19279
2281
62672
60984
57266
42169
26625
22398
30430
1822
11195
49662
4509
2810
53808
43598
15393
33330
17964
40044
32830
18443
46400
62386
29364
18472
40461
15950
2497
62240
29923
26643
42546
62205
2755
60976
936
46810
38700
22205
20915
5620
42760
52678
2902
37830
59938
54383
54870
63641
49046
14225
13569
134
51325
18577
9454
56961
45359
30504
47312
34269
50408
45973
15412
60192
59405
22725
47905
18711
57911
4937
44555
35149
50632
16121
45611
4980
1664
24595
22460
56884
60974
42912
14456
51602
34302
15454
23103
14301
24240
19336
53486
61949
31259
38330
10473
38794
48969
20062
15982
56928
6188
9587
13855
28807
36636
18121
38447
18185
25241
62619
24288
29749
10774
16602
8543
44203
24212
50639
46919
52344
10328
16162
30653
41107
28554
36149
50011
30130
17224
10538
64036
10186
39161
60790
30926
33292
49007
34836
63823
51652
11868
1723
40817
61370
21911
60570
25140
32681
59453
49893
18328
25695
47311
23495
48851
42309
27845
12426
5798
36828
8762
43531
46934
16700
6462
27767
7027
12580
48862
16005
1226
30221
16735
4026
46427
47063
30420
21180
62443
45553
10348
5740
55823
17863
18563
25864
11193
16313
44911
47574
44940
25523
24026
15983
26827
12070
4882
50830
197
5318
5284
40635
17327
10085
6895
36280
36066
5292
28267
23548
58801
39592
52049
44676
37425
62556
49045
34007
50401
65034
447
39820
16152
31187
152
57146
7489
7472
25553
60864
58538
8040
55169
61285
57941
23901
44821
19694
57274
53113
19238
36187
20894
51174
51236
62490
11904
406
5312
61737
9124
57
56852
40505
37424
11872
44993
2209
38555
56812
38627
62981
60696
10196
39719
56168
13011
16260
32932
31215
18211
17324
47778
48253
13940
52966
62066
9073
33752
28166
26950
2715
2872
56480
8054
1864
24115
10903
39594
19216
1574
11146
23945
37450
45033
17147
23201
31999
63101
33371
34879
64747
25345
24818
5878
40207
46678
7479
63586
3489
44490
7085
25048
29711
1197
42339
48934
18623
25233
3934
18140
62733
28109
10632
45989
14962
11705
28353
57282
41437
60509
44356
26726
40432
38393
7761
37221
42790
14982
19187
19970
49944
29682
53580
15490
41810
32741
36578
7973
47622
24424
53466
47418
22036
9812
42853
12676
31321
16829
3544
10120
51281
9389
16762
28287
29231
54918
56879
64000
54946
64536
28139
34193
42783
25686
20149
9105
27326
63887
46891
25025
55718
24859
17147
31791
6786
2705
42067
2728
59860
1697
46216
17293
21863
39247
16892
57567
4667
5401
17261
42069
50064
29109
60893
38088
27738
8892
61983
15747
64471
42529
36460
19993
38923
57581
22292
725
16495
51115
37864
14740
19893
45150
50826
14442
33799
35659
40068
6613
6475
46894
63348
59668
37774
8781
22950
34597
31306
27912
28279
63980
58100
8658
24680
16815
11080
15003
35434
59680
9619
53836
58322
22676
25038
23317
26068
22824
36124
9541
62326
61367
28030
42859
57674
50369
17448
23766
48495
7477
15312
21648
4785
7009
31708
42387
32482
44779
60377
63222
1479
37130
11819
32994
17030
42886
52207
20203
12909
40869
34995
58107
18646
59876
53531
31411
19872
4950
52801
21764
63976
55514
54957
11389
8732
65125
24426
16652
36119
43179
47714
27519
60938
40122
34005
51927
9974
48808
47083
14561
23359
33281
34846
15803
2611
49878
15572
10823
34792
59631
41582
9474
40047
63133
52231
44318
48563
40269
18991
39312
27690
64199
28275
12028
26045
50606
29558
11464
6462
28252
40091
55470
32746
50437
26900
7648
64929
46889
33546
58076
25703
34682
65116
13360
47181
54257
489
52298
56941
53554
64531
44575
18585
20383
52811
58134
49057
37097
54557
12738
15452
19449
43485
41883
58261
52111
57816
37194
36773
8612
48137
26807
15171
29015
39730
33495
16608
17024
46532
51889
57493
20436
37112
8282
18606
58020
36760
54004
25160
24599
8417
8572
39133
27535
24471
56409
28863
58110
18004
18136
555
58436
64337
37061
54425
6411
13554
23274
25807
18547
55285
63038
8212
59015
53852
33405
23537
16355
57658
59090
56478
24510
36294
21393
43151
50869
52666
40930
3602
3222
34368
20198
64629
7751
52691
20151
50572
44516
27353
58809
27199
52673
20546
41324
9674
29214
506
10847
43932
37004
65029
27802
43906
53856
53149
42935
41785
53328
64836
26442
50230
50161
58435
41152
64526
44852
311
55321
48731
34215
30917
9905
35842
46706
43871
53154
58843
5073
40300
2403
11274
62591
18564
13700
12373
14508
60649
41725
3141
46431
576
32416
13474
16997
58902
58659
9918
1766
13338
23665
18798
41781
18839
56081
22473
59886
45425
5773
36611
9005
39632
2427
53033
26838
28601
34984
22669
54948
44479
45572
375
51910
14027
61636
57708
49004
64929
1457
64889
49814
44883
53845
31596
55867
25230
48808
3416
51013
25997
13431
27371
23801
40550
28443
55280
47979
7390
27295
30278
5578
9126
4151
51871
43029
7955
26693
50720
11796
27427
368
28753
38629
2100
22917
5195
4058
10164
46477
32437
34426
60986
56232
20340
53026
43314
49207
52940
2920
43564
47640
51669
17478
51836
54277
10824
28499
30299
34103
49549
63333
55379
34369
54124
1766
3018
45575
37219
6221
63798
23257
61789
1740
59127
12984
8463
420
49316
45117
38676
22221
25240
41335
15448
12563
49754
40993
61292
49608
58620
10254
20634
12746
11389
53083
13554
26665
29474
18496
45183
45465
43468
29793
32886
35328
39609
35311
58894
56437
3889
37131
9599
38138
51863
56682
52044
9513
41583
31153
18471
57803
57193
12666
6677
54654
6572
18629
37888
46018
57484
22030
58351
6963
52760
52081
32764
56492
42862
50586
60146
51824
65021
51439
22414
56891
29154
22660
9499
47524
25832
17300
21863
33156
11820
14142
52107
28150
58051
30671
30875
42069
42455
39138
14236
51883
25866
60037
24828
27521
35458
64873
30659
39228
51064
52634
27651
8273
52787
39898
63150
2803
60369
24212
32671
48829
40687
44558
50962
51271
55975
43150
27807
41250
54170
7387
10007
48470
22849
16387
38587
50579
38490
53448
38494
38457
770
9250
40021
57339
40715
38042
27140
51454
40692
61089
3191
52137
24185
2147
8737
7828
7260
57427
54711
62988
4466
40158
58542
59130
23405
9719
64755
2983
53471
61496
27080
26727
43404
58870
22301
34689
23155
11944
21950
42064
41664
17679
30083
50350
31665
19037
30048
16503
64554
38185
45128
55460
48965
63408
37242
15732
38321
20169
16123
52343
15096
23466
38527
10068
4924
19160
39818
49727
8894
17459
40372
38979
10277
61386
65520
13104
5024
37524
64889
14442
45501
43596
43881
47665
57218
14868
59000
57702
47110
5883
49155
52739
273
54744
15311
12034
28173
47068
62932
25902
50508
25173
17543
37419
21884
60824
5430
48474
42612
6138
36076
60980
47942
12708
9679
26303
19047
48608
52882
58333
56730
15328
33852
17364
5274
3231
65056
12499
11633
54108
40109
25709
16967
58024
44595
62845
18532
34634
56528
33513
5507
7345
52960
17996
31138
29245
35781
28964
43586
56858
29111
10495
52024
30552
39697
62027
44685
63068
41548
371
62197
7672
12212
21964
23918
55779
37791
31992
45222
19963
38629
42741
51785
21988
23285
15948
34166
46022
38427
27662
49326
49168
12524
59316
1698
32906
35416
48876
15083
58434
47596
41922
28641
37002
38630
86
47055
23412
10033
63700
33818
48717
14339
34491
34412
18595
6676
34390
15700
20229
59927
28679
29916
45427
4959
17997
18169
61853
14975
11681
11585
51636
57522
4285
49113
48931
33552
30940
62092
37398
60000
27112
19331
2202
50634
7529
23746
7102
31815
6012
3293
33622
39529
28295
10962
39796
9331
37936
48670
37489
58309
19210
15915
14499
2736
15465
48260
264
3905
19325
23196
11634
46150
63958
34934
32312
62626
5350
21323
24221
65411
18224
60644
37153
2331
53753
58283
2775
17115
41094
47889
34908
31848
33736
37328
37604
25525
55229
51751
7588
828
12849
40337
42162
26928
20532
46137
9131
34411
922
11834
17690
34689
55209
40076
39255
43655
60100
42715
19732
57510
44508
9558
60130
10199
59585
18286
61582
16279
20363
40269
65163
14059
55379
1876
52768
58163
50357
22438
59363
59953
22333
58356
55387
1675
34126
4974
49643
10564
43353
46196
8813
13394
33494
20825
15727
9958
24688
61907
15183
39818
34924
31079
58989
38609
11052
51436
19389
35771
61014
48144
120
40155
27807
14867
40110
63313
37156
44219
8011
27420
9530
96
34057
23263
6101
44488
19984
51454
17706
30947
65225
45166
55206
26732
44309
18809
46969
51259
19677
9761
3972
46365
60126
51936
21616
2917
11361
10170
51248
35674
58074
63225
28934
30380
1293
60127
24990
51709
63793
56911
61548
58393
28140
5668
47389
60285
32863
30188
37884
30918
9406
19255
57163
947
37539
45815
50442
46834
18333
21686
34794
46862
20078
15327
15232
35012
14778
30861
47370
13662
21075
11013
45860
36363
7504
63457
49716
42120
43574
11042
22782
15730
13863
5600
12156
53711
7339
18892
47424
14334
55615
5903
16288
29335
60611
14549
48540
33720
51074
35545
24494
47037
45510
23413
47866
16616
62095
55674
20927
30950
56200
59505
42209
54089
46077
32928
61398
51055
55139
40620
15395
26374
28850
41278
61156
19155
36604
1501
30090
12155
31524
33148
41345
25274
10087
63828
25752
48127
51356
28093
31977
44291
31817
18178
44450
17722
46816
62507
3637
14448
53250
33086
57803
58313
45259
52794
8435
24289
36632
48613
11963
14121
63943
60427
5004
64552
53846
57829
31483
8764
18723
64959
47390
30969
32868
17476
24425
59612
10180
34556
46009
60275
36033
59440
27944
10307
13217
329
58659
24898
55150
18872
55022
55877
34321
53771
28560
16749
40369
48431
58293
53678
31454
57648
49909
38458
16825
44378
34834
58417
65418
28131
24303
63931
27666
39147
8899
17588
25447
22232
17482
53756
12071
35823
41020
26366
23111
27645
36017
33763
57934
63019
14395
9223
34031
34729
16926
17961
57114
11153
36788
48229
23453
7577
23293
18449
10463
36934
18576
50337
51272
42566
45864
61884
19384
28133
61471
64881
5984
52597
62753
7739
28023
46071
52272
38943
10046
37638
43588
20932
41021
29134
15917
28052
59272
40273
5067
6313
958
44085
21170
15572
19261
54458
465
60921
10077
19881
39804
7143
51490
44
39113
17121
27809
21516
41132
58483
26575
33454
55552
33345
57023
2821
3501
35719
7061
35404
50989
13821
4402
5758
15688
608
60908
63731
18458
50704
7311
19694
61359
29724
65342
4109
7410
41819
48679
58729
50311
29355
62751
28653
61628
4786
62489
18855
35391
60285
53344
19560
4877
14007
11487
61546
37688
35492
30591
53278
20224
26992
18051
255
2197
35199
31590
34893
18674
28843
9989
9419
41382
50204
48508
23362
61601
39591
44184
55317
15953
22245
42873
64437
57493
23181
4550
49013
41462
62537
38527
930
63248
36531
42658
944
62354
39027
62571
57724
4052
13493
60818
31197
46911
16198
15199
35507
35199
61903
48990
27153
44100
50982
51447
30467
11356
32805
6017
6915
23119
14662
63403
49142
7128
50118
36609
58704
8097
18065
28243
24721
46849
1178
22841
30056
16681
58969
63175
31005
44983
35996
52052
3894
54509
43614
30231
11129
11145
46073
5242
6929
24117
35301
53721
7282
29770
14087
53727
65438
39513
39918
42871
59140
39403
35875
38706
20616
19491
30391
48018
54919
27177
53729
22827
42591
52007
45350
61652
3363
19971
55348
58664
2023
48006
20673
26311
54305
61480
47466
13850
43443
39417
50519
6811
13276
2745
29211
33854
60638
46878
29045
1242
6516
24086
59770
25168
61988
54362
42321
14464
16519
40347
58779
6213
51912
54233
24522
63741
53139
4722
31127
45232
19709
54388
8086
5638
5569
53230
38324
56161
54717
41351
36061
7496
8501
38931
33768
56556
52804
38404
51634
7007
62772
64049
17768
16396
40872
61765
50756
46753
65456
51401
63507
58160
56110
9078
2999
26528
3599
48916
42219
18844
49764
50835
3825
29816
26941
4587
6903
52440
1566
53315
17115
7492
61782
45796
50225
26736
34778
2092
53198
6486
2438
16351
46169
24381
9514
62836
3138
7690
58599
62568
35814
59044
6440
17797
37101
43336
19822
30096
11103
22938
19484
9571
2272
45859
20040
64567
40390
12890
64965
9736
44130
15122
17186
13535
4867
12033
37631
2991
43910
57015
44608
10111
15706
37535
62382
22270
43974
51517
57200
40192
59235
26978
53802
28258
57879
21429
58918
49983
8729
5085
27028
3376
16723
40954
33116
17364
64747
8875
48339
1351
43734
20744
49151
40182
21483
47328
9236
28479
3504
17620
52480
20272
57976
16636
804
7294
59104
56587
62044
24010
29463
15733
55018
32166
41814
62780
13994
45849
46922
25321
25815
14140
64202
7780
6399
13593
3213
63386
47916
19836
30880
6369
55107
47608
13797
43220
56654
10175
3679
53032
23358
38794
56212
42047
27536
43743
47485
17639
25333
15293
29914
51294
21050
20860
64644
1877
47405
6026
6631
11426
36775
30750
10697
44262
23321
10491
40548
5862
28094
2686
17475
56226
14483
40000
16165
45365
7980
24204
35136
7880
54376
20210
8188
30753
36122
20721
35826
36255
27284
31731
53430
26403
17995
42514
10788
58993
27246
31123
4803
24000
60631
18930
34696
18993
813
16102
8967
5475
13298
18536
43897
13892
14659
22644
56791
17716
31608
16002
21262
45914
31599
4008
11568
15964
23332
38161
2030
61810
63114
52152
21386
24696
64433
3001
37432
45653
63352
7639
53245
17191
61521
64254
27240
62764
33454
32241
51836
22271
24356
15141
58913
20239
59710
30806
12639
3416
43955
52459
31020
15767
35688
61421
62362
19366
33429
14434
35371
35303
10508
9209
3383
3175
6572
5491
2231
33697
6280
23419
28163
38090
46263
22756
10500
29902
31958
29608
7309
37798
552
53200
26413
12454
7170
4647
22991
54113
45160
43766
15052
2229
51008
59115
62510
58829
45063
6741
45434
50405
24125
15591
27317
22071
62337
49387
32099
29772
22389
5112
64416
31513
8586
14235
58123
3540
24489
8635
15266
63028
39711
60805
22490
57631
4795
25131
23947
20224
27324
29536
37169
51514
2197
21569
58407
55483
11896
42640
14850
60411
28881
39412
4731
17019
53999
16411
33579
37414
16465
30275
4303
50460
305
685
18729
19888
33800
36671
26376
57311
30251
8774
38859
13497
50311
27952
8030
64025
5683
34649
60151
28962
34347
27464
40549
3406
29615
15964
43461
50627
55784
12686
65519
45186
44043
48163
65383
62388
41763
23269
37455
31417
62061
40579
25509
6961
44812
40289
56308
47069
56272
14352
56052
19708
64098
42570
29030
55422
33936
34037
13409
33363
35494
56964
50209
55858
62336
7745
20954
6871
4115
30520
64736
9098
45829
24602
54675
53497
7663
29172
58934
62420
29937
16065
25990
52940
9991
53924
59052
37922
47616
13647
5209
11864
37982
52499
2988
60504
57913
20622
25892
47550
15476
35544
12527
64562
49044
38762
52697
12498
14752
6624
25161
64903
49318
63951
37461
45820
40552
12028
45036
41524
3391
32238
20575
11654
52946
43803
53145
62840
31532
39751
39686
55198
22030
15645
3914
58800
5513
37362
37427
54972
59398
3429
20552
24756
3429
5110
31082
7990
57003
7072
64453
14921
20120
50622
61179
34336
60164
55891
9312
51563
40969
61932
35615
49881
57958
40757
21049
18014
10964
19483
23766
53203
34899
45679
51564
30921
32759
50520
61549
45946
62935
8751
29983
12875
47244
17497
18957
15185
51079
823
898
26451
6321
35524
33970
40088
35663
29273
10592
29993
45464
45062
38000
16166
65488
32259
30249
18783
56174
24968
235
12351
38639
6722
39826
44087
1035
34647
19283
56451
21970
25840
36398
58525
15266
879
6501
47458
40061
51953
28319
18889
7389
337
11566
30612
38839
4778
48465
7091
10772
45715
42899
12676
8189
60185
62660
10451
32161
25746
4583
51646
37011
25151
18658
23795
46959
37483
12548
22201
45588
37053
62458
20992
26176
62949
45752
2723
11263
56279
11320
24861
51039
41226
23678
32501
4390
27203
38601
32617
39852
55667
32962
44287
769
52072
53264
26428
64813
50588
9793
9653
6208
23556
27252
11217
38056
64446
31545
19548
11057
42583
38867
23185
19170
43274
58475
28922
29887
55111
35726
14978
38280
22332
13887
43155
24874
25880
34234
36757
52202
19932
27772
10905
23489
12217
25078
33977
33784
11190
33629
52262
59191
46518
30429
1297
54336
40010
60167
60121
47193
29776
36145
55712
31689
64592
27806
47727
45386
11349
47132
22086
23833
22402
15998
29041
35714
37033
57901
15851
28095
26957
29525
17053
46898
54954
62711
52012
14363
12579
58921
27085
30426
48086
39784
30710
20837
14977
17281
54413
34331
55138
49477
13252
45579
61419
54845
6061
43813
31138
7282
13705
45800
12151
19672
29806
27210
61055
16076
31609
36363
56985
49688
43294
45962
45897
59874
22563
42477
27220
62067
10820
51751
5036
40898
8611
33369
63493
44449
10936
54940
44192
46755
13536
26227
35425
16933
35378
35711
34687
34608
1037
40844
34151
54989
23359
1573
55992
42922
54511
12473
52050
25706
12963
39961
182
34872
10392
19294
9176
18500
56208
38581
57586
12046
33694
6432
48702
13831
23875
63101
55902
17732
29430
47089
26117
42546
30693
14322
14721
8072
14078
60702
29003
48197
57290
48145
26621
61453
29548
163
34579
1587
34665
59057
20074
55631
40976
26150
6929
25812
14750
15724
54433
11159
48054
21847
58298
58215
40740
53711
2035
45410
61330
14240
40616
16978
35654
2549
12778
37123
26360
56660
11923
32688
5435
27345
5507
62511
40025
49376
32118
46705
38069
24515
39946
22603
49600
14998
38044
17156
4484
6982
30206
9376
47169
27680
2987
15052
5991
38083
38836
58848
16163
54962
18157
59894
10343
22508
1165
22669
41135
899
64621
14675
14671
21020
3842
15922
10218
25139
7843
37974
48416
2718
3805
54158
6061
34068
39618
9571
50591
47842
37455
40974
45269
12163
20475
1274
43082
35838
14805
16697
4753
16080
17444
18049
26718
55041
49667
50932
25840
21074
25003
41898
57279
42478
14779
12220
52034
15282
63950
58808
16856
56182
1622
38460
4346
44166
56674
4654
7383
22462
8913
43996
57606
19139
7614
52888
28379
10436
64003
11823
40167
20905
28294
25989
48619
21807
22370
8032
38383
10537
45161
21729
25297
6321
11506
44031
32881
59876
25631
21566
24631
31020
22601
53973
30162
38983
42018
20425
12449
62539
9177
5532
49083
64882
51966
60143
61198
42318
64740
46012
62429
26831
6967
48109
8053
43814
47558
12920
40207
20898
38160
38874
9565
50980
55170
16413
52148
50154
42434
62688
10307
9448
18605
21034
27817
49241
33511
40623
48779
64572
52033
47227
13102
15187
54315
46948
14647
17942
15834
16882
14231
13077
50301
17779
54178
3570
6245
63787
10654
27017
45923
23874
23530
293
65377
61992
6836
43638
34338
19342
8664
48642
25625
39958
29107
10992
2001
969
7021
3276
18306
35976
36528
31567
56996
31739
14176
40160
32942
17363
750
47369
23534
36335
50990
6301
23288
64612
1576
10805
54186
27548
50073
25299
64332
12596
65447
12447
14236
45851
28584
39140
48970
10689
36579
36503
26945
46254
34698
1230
46098
33833
31915
19460
5424
35721
47599
33477
22017
26699
25355
9811
61856
16494
41911
65052
1454
51472
42858
23112
59692
19292
59149
37284
480
56121
38804
49880
4635
28622
16455
34750
16745
45923
6076
48253
20911
7503
44080
61128
15108
53005
21661
63685
12881
13410
52350
46747
33960
9940
23097
29175
49818
19979
47281
21580
14079
19006
17659
64273
19081
27237
21134
47466
11483
61373
37
31891
17258
14627
1775
1104
35303
21951
10701
51891
17987
1252
40117
44905
28393
52226
49644
9736
37826
43182
21749
11625
25941
48756
48930
58317
28673
56589
10427
53458
55048
42325
33085
28464
52138
39054
25091
38238
55901
20605
24249
53604
39742
13736
9911
57876
46605
7636
14251
12897
52362
36432
52699
41764
50035
52598
3542
20622
415
17323
47
10964
49456
53270
7916
49599
6089
63164
46833
8474
15180
7818
58148
60467
2133
19701
9358
27052
26949
58266
40875
2716
57393
14848
29796
20630
50608
33657
61869
14916
25265
11827
6118
32183
44643
54931
54244
34520
27387
30595
2252
10149
36667
49014
9711
9089
18161
22752
271
48855
29958
40481
43495
34112
5526
6746
10982
53789
26906
34032
49654
57020
43582
39535
13330
15812
41379
32233
62681
37370
38171
46947
264
52971
26039
41276
26007
34981
47325
15764
30191
25826
32686
14355
63451
2029
17537
58884
60525
17064
15195
43303
53175
33045
65429
22200
63156
45778
14614
30375
14524
5174
38516
1162
346
22643
53698
10085
50604
63201
64332
19597
16099
34771
25395
36697
42814
46227
65521
6450
2317
51725
40869
36333
52649
19247
977
60865
36153
16092
58922
682
26102
31205
61577
16594
10894
59447
48440
27437
43339
13648
50916
42208
25014
2942
50118
22397
49593
6049
44384
23591
38722
48218
53403
42034
48430
53277
51304
39762
13072
21903
33473
13314
9377
2392
9184
60615
55395
7278
14654
46241
53915
63963
40140
56445
35684
35730
17285
54541
4517
55094
2325
21174
39492
51751
7997
13737
57421
44956
53937
51727
2377
42211
50013
17617
30147
49804
56014
56229
4710
63076
19370
11460
51011
19756
49329
29290
563
52398
54047
61947
56259
58200
38756
21705
23912
49640
61137
58219
12461
55934
44145
39478
49961
61092
1606
34867
20360
65497
16703
4192
29128
37963
47467
18604
63974
53149
65490
35343
44240
7796
40834
11009
65015
42784
33539
36827
33910
25151
60874
7578
56203
63521
33125
61796
42954
4875
65465
29720
56952
22439
2432
17313
64574
15370
19957
28077
14494
24362
50443
28526
44646
11927
7297
54785
62209
47856
26698
4482
20739
48462
3000
5119
17084
27869
18890
37717
26798
52300
49932
17453
60345
16159
40458
37575
29651
14098
8108
20081
57458
40550
63964
25711
6074
52465
44162
16745
15157
38820
36228
15083
40139
44298
44077
40880
668
33148
487
50089
19810
39724
43229
46522
59456
60892
76
55279
39884
65327
20811
33058
21975
56427
13430
14104
11586
8341
25894
11413
43579
51907
2101
7519
2316
55435
38568
42417
32017
11172
28314
61602
13327
25742
37434
23685
7442
670
54386
10992
62071
15449
53329
52870
16931
56780
45765
8408
49731
52700
28914
6446
6595
11186
20327
16326
58081
51806
9090
29334
27010
63313
61149
59112
59163
16392
2251
4277
32891
26875
6708
2912
24591
5001
36969
47653
5642
1671
41592
28353
10473
36222
36347
62863
323
37350
47857
19749
15512
38873
9683
36642
59856
37185
55895
3660
18366
63350
48125
62898
45127
19
4765
45974
23184
18055
50133
50026
20760
25848
13836
29394
14177
46239
10640
41000
29357
35863
28611
11300
48144
39278
4705
36335
42065
29290
60638
12167
52639
46985
56106
39434
37119
33345
53972
5291
65169
42176
37080
57284
3629
7625
1749
15922
57841
11745
39137
50140
64557
39021
14640
65422
40467
46072
58247
21003
25289
11367
16135
17152
56173
29019
52421
45135
4640
11724
1001
64380
40227
19732
50207
44489
21744
47335
17419
42101
59927
25465
61102
36197
61153
23995
53047
36819
28332
45841
14878
20124
46695
55025
19374
51338
26746
27905
49795
57596
38743
44697
20381
57004
16036
16555
44
57687
45140
53104
11985
2016
8862
39490
60908
47544
35476
26022
2508
40330
63108
13411
15212
16257
8378
7756
33408
10281
32593
36123
43652
13654
34490
51423
64045
54697
39583
50887
59841
26807
35334
39595
25406
28327
51388
15815
39283
32098
36469
55266
33063
40181
56638
41980
44040
56052
16816
29369
59267
39892
4439
50025
64897
39759
31748
17624
10521
14503
1186
8594
53573
51902
51953
58353
28269
24881
29225
40287
57508
50418
44759
46684
6918
23168
32971
51610
51143
64560
35469
55531
16293
8755
40799
13915
59889
614
41162
39793
22260
27051
52764
5111
22839
15858
16561
54697
12671
4442
4153
39482
59670
20049
28644
6767
1280
2117
33227
26372
22183
50956
62949
56181
19009
64102
14150
38820
23606
37259
43451
58367
29736
18054
40241
47214
39309
63654
18450
11571
37292
19126
34808
50801
30018
6956
58716
62229
39879
13454
34017
26457
32438
17571
17562
7490
34732
10436
18061
11211
25541
30207
63702
33520
13508
50136
14491
10446
16425
14884
15495
19933
62791
43984
24389
29980
59429
48211
55117
50205
49015
10579
43281
8033
54017
63729
16335
3328
3260
33952
49652
701
30035
52024
25767
6525
2882
12567
18558
30500
11834
36038
11429
46291
3534
43120
65254
15204
26100
63003
52173
58966
5341
13509
13079
7903
8054
61819
32743
14742
58197
52997
8723
57696
2556
7107
9341
13915
20567
42378
35911
30594
4780
49439
21403
19988
28400
54490
2475
25233
37310
15807
30133
51398
46022
23238
60870
4839
29142
52459
14463
51095
30708
21119
46323
23590
7023
64292
25001
18285
6070
5713
1409
56016
33165
8732
55217
10849
29333
64016
18558
52000
26651
36804
2137
45789
49728
61296
48986
14635
57242
15286
35174
34735
37941
35800
50347
41627
64790
14520
60850
19577
12767
38242
38835
6814
2173
25123
19900
5681
59888
29462
43910
49363
46804
8026
61509
34721
31983
39577
62426
58447
35041
31164
54424
11803
26206
23519
4853
31739
4674
11163
40341
51926
56041
14736
40250
46584
49170
49461
33182
37282
7040
21298
57403
16325
45452
24256
28917
2534
11342
17487
48237
37179
22614
16619
39224
11031
5611
16931
10702
62657
57685
38789
51708
33311
38472
12168
61725
16184
55878
60438
953
43372
36384
54576
64643
10871
9068
57504
42894
8575
34557
27232
25527
3438
26
46304
21385
42066
25881
8378
268
15678
1003
43694
29815
25065
47002
29654
60913
47830
44512
5221
64367
12496
8462
37794
48842
61673
48590
37497
29338
41322
268
24279
46895
11854
46004
51083
57833
3935
57194
2309
30968
14628
29698
38066
37304
16495
6258
46568
57771
53051
48862
49610
48794
56462
61686
2595
58144
10406
993
53244
48835
3853
34881
61315
9599
39292
7922
38607
61132
60711
5429
37226
10732
16412
46632
13935
63694
53832
31517
58381
30331
17812
17372
56332
44550
48854
35324
57242
3403
38364
21339
53102
47241
59997
11622
63093
4567
7715
6620
17187
57268
9819
25648
13342
2278
36698
24739
27371
30554
25366
6772
57464
37035
23456
43139
28220
55017
42040
59079
31097
51179
9574
35357
59148
25343
63255
14994
21379
56397
8016
39319
48952
51499
35048
52468
14051
24875
60457
32668
26931
35535
53052
59039
57154
8564
26249
36081
41682
55648
53655
48264
22530
6285
22502
51426
11116
4997
1776
13936
52939
7989
36667
24146
6296
59328
58980
21901
39884
41687
63363
22088
48958
16040
16013
61152
60784
28376
18096
49698
30930
37865
41757
37897
48008
10438
40402
53986
59103
21121
50372
21647
25653
41336
64417
56880
47431
7677
21383
30978
39676
34431
45728
64783
26064
44965
8191
30817
8428
20608
11393
50010
45547
5082
35881
12208
4785
33872
9352
35459
27093
41240
206
53926
30706
32243
11027
60723
8810
63330
2199
9183
9579
1480
46216
23742
27995
46081
58971
16891
61841
57746
11845
11410
31133
19165
63557
48783
45495
27682
37983
2816
46138
41964
64982
49888
29700
65485
52040
41506
40930
45156
25309
48575
61607
43265
37031
1706
50144
10415
1523
29952
15141
10126
12021
44508
17750
2411
36118
23661
21164
48776
16314
57108
30685
13010
16226
49961
20153
46036
45166
63609
29940
50013
34581
49108
35733
43452
61018
27099
37844
25493
45905
49924
26721
11813
38409
64468
28057
48709
19789
24270
57017
62529
17177
54432
62417
52620
22764
8563
31283
11988
9597
44876
488
31377
9444
22647
64566
27242
53640
58681
48127
19139
58089
12459
18159
6166
22607
15622
27
31467
7324
61181
100
45719
5676
60763
10443
62854
15889
60675
48357
2292
52618
58680
25259
1823
56131
39849
26212
49907
37936
14004
57439
37038
2510
3440
1134
42246
53686
29783
19178
48412
9380
28952
65232
29304
3556
60537
59018
60557
37826
29884
29466
36365
38423
61767
1651
40194
48635
49319
15256
41555
4346
51053
37898
38250
8030
39022
54387
44122
61481
26739
41099
32076
39661
14361
25084
48275
20359
340
12853
22669
33403
45669
47474
41736
14952
63712
49246
5126
31755
60523
29612
34097
32460
21730
7185
27878
24572
53804
49035
3346
12120
34867
54560
542
26576
1759
57356
31341
46271
3865
34239
19525
35184
8952
103
24627
55248
49834
53527
36291
42790
2363
20124
16762
32090
30489
19296
35364
20667
64359
6974
37538
58767
19466
62596
63711
11888
56890
4996
56449
8366
4461
26696
13575
53952
35815
35025
57503
4873
18045
26997
41115
39963
11059
8005
42746
53944
33732
63395
36722
33811
16603
11024
20175
24967
37996
45429
21249
13737
38900
31373
21845
50686
7711
57213
11629
34985
11626
18785
50808
20097
31301
9762
34732
35917
462
40749
29946
23020
20083
34597
50085
40852
5134
27269
59524
22842
34107
3501
26770
45569
52954
16184
10648
56824
33736
14846
13591
43961
57800
48426
62561
29102
56308
1077
55252
10276
54894
19264
9428
41604
17849
6066
44118
8853
45336
30
24496
10673
24112
47884
57273
61597
37832
18622
5433
20623
34174
45759
52579
59902
43422
6945
64458
49505
14436
20189
14755
27261
38890
18838
2450
49440
27991
48763
19736
28139
20849
55650
50716
26583
53316
46518
55599
58159
28593
5572
34178
52600
13176
28008
31527
63292
9518
30364
49231
18712
12103
1531
43096
1310
29462
22576
17541
53514
46437
24825
35762
35987
35767
61402
27980
16975
20507
38709
57784
36076
12971
57243
59442
54839
57533
19384
44396
58908
31398
18649
53262
21836
62478
15819
46555
60966
30794
17599
3809
42697
11904
42699
14683
15724
24696
14102
2384
13377
58733
8860
10399
53373
4086
34436
36760
14647
46535
7143
35109
605
10600
58235
61700
32456
52180
63360
21431
36482
52722
28003
55381
13229
39663
33947
16629
48615
29696
46000
18598
35118
63346
35240
31534
7917
34570
50926
43946
32213
57397
40968
6639
44042
19034
19472
25444
50938
51270
62185
41235
4445
61460
51824
47784
6759
56527
57341
31299
54707
62750
15177
24848
12739
38473
60132
34088
34722
39327
14270
55332
49528
57199
61037
26565
45993
48426
146
22771
17729
16273
63765
15791
21648
31964
297
49743
62615
49472
52311
41511
41849
45300
23954
4460
27049
49510
35016
54854
43338
52918
37261
49053
34208
28243
43782
61885
46958
49820
9446
8546
58693
33097
8175
41434
64026
3619
65421
35849
51552
43144
57532
63450
43653
54201
63048
39059
44633
10999
14813
11437
972
33444
48875
21412
61174
35295
39362
3520
364
33745
39265
35753
46660
18516
34535
64366
6795
40956
41230
46972
13561
35653
9939
65317
41342
54924
59449
8496
34540
63571
37345
33898
11072
1051
13728
6616
62820
5336
2550
44359
26313
1684
31308
64604
19303
27089
3214
4042
6267
1084
56410
44744
49474
56466
8886
59293
33300
6708
33095
8860
40175
65376
17379
27629
23514
65079
6383
3588
1314
39032
39612
1811
42989
3745
34913
47372
44307
16649
32060
41676
5369
58120
64027
17192
61264
51504
29653
6367
22966
44790
1893
14003
42547
257
15723
7552
61154
44934
42201
39224
37066
41493
55379
42472
53688
27632
64079
59547
23355
22610
47793
58059
34049
51287
21688
40584
29189
21430
36569
25539
23359
51539
61087
58550
40866
24698
64153
56773
12449
28175
25181
7652
5225
15823
12934
23619
8112
13827
14142
51355
57521
52987
23734
22929
26600
48774
8474
2592
6557
52660
4230
22685
45485
25561
14361
57628
55564
55265
37704
7981
5975
63587
42171
39150
2449
3635
52233
40220
57142
29736
64079
38820
30587
64570
19136
57939
40658
62937
49256
2575
61511
11747
10649
17011
37840
36334
31249
17013
20990
43396
303
60017
23337
5023
53174
55251
19564
33005
41693
47512
54197
45770
24349
46256
15905
53008
52881
9391
58661
63756
6865
19955
1965
49992
41905
18234
6397
59284
4321
11068
59283
52819
7939
3089
28441
63100
59094
50106
29135
41067
37299
33736
39895
1464
22338
29557
32258
27445
40922
5283
59896
61144
33608
63108
30608
50536
65321
11533
20159
51768
63747
26807
54081
41291
57500
34504
56049
345
58795
16786
36424
652
43598
54880
38839
63343
2262
9660
33446
33542
26848
63369
2695
26751
42055
45103
3410
16743
10755
17512
3978
40571
53775
34509
64180
34783
17427
51979
30264
17214
24843
10029
60980
21577
26851
33140
53263
58726
38389
55746
33292
61034
17434
28173
11682
15703
62867
8880
11407
58426
20416
63332
6766
57082
35522
55522
37015
5989
31717
13183
1064
19439
61785
50517
16080
605
16508
7214
24175
18771
52539
19851
5634
65211
45781
812
16420
62291
15102
13735
24745
8653
16971
32238
60359
18459
13818
63410
34413
14202
53783
18038
45208
51953
58821
34539
43081
32495
91
15245
54892
28541
17228
38717
50802
4024
36053
49195
53857
13451
35878
43579
8029
14640
64470
14082
55022
46291
35008
13352
20318
49523
50262
15464
60917
31636
49293
9470
22736
42048
37465
36379
12242
6654
21842
640
9401
54629
26873
17812
22170
53706
25913
35244
15445
38332
47549
9958
57584
10358
33089
32569
29708
7363
55579
19308
13359
56830
64576
61416
173
46159
37454
23720
45528
37138
38017
41679
63474
59132
65243
59690
32877
53781
16567
59633
36281
3396
12391
6757
56378
34171
46808
18112
30564
22628
44488
14259
8369
15671
39424
44387
48973
30090
15979
61444
24400
41054
6808
6873
64079
1749
369
22761
17737
3895
14902
33105
16834
31543
22570
61187
17743
29001
54024
51031
35951
16709
48594
43267
30538
33326
63685
35754
344
60529
16547
23483
25562
318
18276
6361
42855
42831
62131
17151
64992
57161
14880
40445
25932
14547
21294
32832
24698
58624
45959
21294
40230
62897
25309
50477
33834
21449
30108
43403
53186
12869
53514
11725
535
45578
26432
2030
39816
11450
28730
33475
10391
19260
10869
57003
7014
62023
60491
47562
6268
60228
46394
3563
8771
30135
36317
36750
24265
1001
21741
45959
4059
59567
45364
33638
33495
47716
49818
30327
1036
27715
30947
21169
19706
21095
46228
20269
1510
22752
12013
20157
7746
2824
43061
40318
19474
45211
47423
36224
36323
51576
29880
5612
13412
51820
32927
669
42319
56448
38514
45422
41128
59356
11119
868
32813
47882
2035
21519
24316
12852
38903
38359
51607
57170
60614
20478
64582
36666
37893
12253
35937
51060
18397
17385
57247
55542
59915
14634
4172
45933
30175
5311
54719
18215
32295
46993
2654
61408
10728
60463
17345
17485
24484
2745
15059
23567
14701
13956
4295
31604
58855
33139
44882
24819
39513
37807
63073
42798
10726
57378
17503
48739
38031
37027
20404
36191
28544
42238
44344
27297
20073
51029
45003
40654
23657
62491
15760
16339
35301
46338
32648
58522
11388
39551
60633
23093
40586
12167
42021
16646
28070
33968
36630
55561
31303
58365
46908
35907
12217
23166
2900
11155
47565
45523
43453
49442
65239
44809
27737
12970
46881
1823
50004
16596
29013
22826
1058
18088
50033
39919
53277
12332
35887
5583
32552
41153
40812
2991
63152
5121
50045
35565
45226
48656
43921
54550
8414
7589
59006
7964
5473
4575
14419
14865
6567
2959
55586
57088
34384
50163
54262
21166
33606
7603
38708
55044
22956
18161
29307
26361
36960
24605
40842
56613
15367
18961
53781
19785
64420
31178
36813
50100
24623
59589
36073
7031
4472
16610
27603
21352
16498
515
57124
62198
49014
37053
50586
14363
4168
20556
18069
4303
34274
16734
48461
16636
10618
12983
51042
37866
55116
43853
39670
62004
13394
5765
53140
40240
60177
54781
38333
27430
34421
6162
26994
34424
18291
18981
14040
4571
14436
49441
43769
60981
20583
33973
43143
18751
48585
49622
5868
16228
63592
12883
11214
46393
24856
8418
62021
11836
18657
44687
57783
13516
57110
42673
26369
23425
55298
48426
3930
51140
33626
13983
43916
61848
27149
5930
1520
2726
37602
24706
19538
38828
60530
12446
58033
53461
34358
46090
9010
34957
45383
36658
27713
43576
37072
18133
32478
62483
20984
9494
28132
52938
14252
27938
31319
4905
59440
26309
4823
65491
17741
56466
35616
32727
23649
15790
61028
27594
15750
20315
56025
29672
24943
36054
36769
34577
36820
17885
5958
35326
21838
47085
47604
6413
11060
45948
522
32311
42681
32887
40388
29262
49824
15151
12180
13496
36919
38898
46837
56772
1453
7982
4862
64957
61720
31016
18697
58425
19704
11935
43750
43005
52533
30227
52000
59024
48723
52032
57728
29576
33911
27397
63515
59511
47341
39007
63580
24696
9107
13039
41373
8848
28119
33698
9904
42496
18289
52222
54969
6225
58793
40817
59167
22476
60705
5879
27007
31484
22569
46604
20542
24757
12394
16113
24767
6279
42807
37771
14682
813
27464
8809
28070
29276
611
50276
56140
258
24804
35267
3869
23850
13532
60723
4934
25926
7908
37565
42756
14415
58305
61392
27638
44160
2075
31590
26543
57482
3813
51467
38760
45179
3048
57998
43592
32489
31382
29054
4732
20046
26089
42715
61684
47683
17668
4952
16616
13947
25017
51433
37349
40607
52808
38430
28428
47154
34535
6175
51888
50003
17967
55473
52501
41512
16732
64802
50573
54733
42831
61721
42298
33923
37594
26644
60526
46150
41727
28913
50441
47310
39514
50185
49147
45263
1595
64622
20498
38389
50777
54357
19176
27260
27542
31057
63597
8120
22386
35749
13365
59304
41656
47695
59348
21034
28869
16394
25936
16764
4619
53946
31337
58125
21517
6746
13091
15945
31644
11627
19024
62505
36726
17060
64387
44382
64082
6476
61876
47880
54130
5762
12949
13406
49398
48368
22251
37781
57147
43413
60951
33610
8374
18972
19653
19592
29375
60284
5795
37307
41250
55613
53058
48582
32017
4602
35157
40201
32710
35867
11055
57832
52908
20788
40569
7252
49631
30285
60790
48563
28454
32563
48150
50348
7892
20800
36121
22835
22028
64275
54663
1232
28269
12498
24859
61357
44829
4989
64381
5443
61937
17623
39394
17585
528
13170
27146
54953
50089
13060
41927
48625
36503
20335
54429
15789
62573
48146
36578
31416
60760
26739
2569
63719
25397
11816
54858
8971
36608
32120
27906
21115
9951
40388
10067
37348
698
61274
10154
3180
30364
64966
38791
53008
1437
11852
29464
7138
22959
63057
3679
1683
15581
33615
50672
46289
2943
51608
34294
19627
9443
60228
16252
3273
60703
44250
11339
1730
12167
17563
11996
39133
4549
47910
23742
49918
17424
33714
10289
20452
61410
3732
57300
8497
54207
15707
46065
42889
33997
39967
56709
12630
32261
39472
18098
38886
17711
9555
29851
21735
53159
45214
55840
61089
34984
62047
63441
16819
106
22228
12787
40906
47962
3669
26572
15874
45855
47358
37394
36847
33873
28330
57117
3880
41999
25453
27963
34854
15348
50735
19417
23777
57901
64429
24027
41472
33266
49951
134
32009
42902
38557
36076
32417
32360
7934
23645
46234
9769
29941
34061
2431
24096
13916
2341
64496
42336
62201
21028
23664
58919
54722
4903
15821
7846
41766
47157
38940
36651
34900
28165
55703
7615
57110
15950
10476
30028
64497
20325
60102
2858
38146
50354
65040
36193
64989
9926
30852
11880
48007
24462
44348
64716
10813
57330
14833
42659
41113
14843
23341
9574
42993
35802
3211
20522
15318
22291
34325
62248
12688
33231
37801
3488
51093
8517
31881
15746
15264
35184
47391
13296
10090
55889
24714
39583
16184
41910
61524
59475
3582
10373
5050
55032
4026
38905
11905
6142
26471
12316
20208
24559
43339
32728
33750
20814
18547
57830
29856
21607
5422
11098
8888
11893
34430
27298
25307
39561
55356
23741
27482
12815
9940
63635
42707
20004
57106
35260
17251
60958
1970
24404
63789
5979
679
1610
39528
3658
32867
31728
55184
32160
3953
15108
32094
26228
14611
40365
25905
5905
45132
53221
33883
30450
9812
41521
31052
35024
48573
33259
46909
61431
26473
58838
59352
43231
14664
45252
16157
40467
49624
41817
40403
46743
44030
36795
23444
53695
38871
57407
8192
35535
46706
19294
7233
50276
33429
36250
22519
54583
24497
25525
20508
46420
11376
5897
24785
63636
6141
61690
62832
31138
41625
13336
12767
56261
29534
34582
13989
461
6336
29283
39728
4572
22340
62063
43297
59568
1210
39192
1244
3997
46557
5821
5346
30510
35657
47300
51013
49455
63691
52983
33971
43130
29294
29830
49118
46819
60504
52095
49156
41741
12533
54280
64276
19527
21364
4662
39121
51864
15897
47082
59764
41212
19444
61971
43304
1918
30587
56435
39722
63220
20976
62044
13611
8380
20167
12476
60008
3609
61
33711
59298
3386
29624
10909
21090
24964
41813
65389
2183
61921
55909
43551
28133
48825
21302
53307
40464
6675
20734
61750
48567
35750
36855
29866
41509
38971
21350
12027
25661
13367
19502
27444
5963
25768
28242
8122
63791
42206
59240
64807
20850
49389
20188
19839
30009
27480
55866
19500
14373
24158
36518
36610
31453
4982
48313
64634
41238
18055
26636
32009
61186
39392
57195
21488
8959
52379
49405
47292
59627
23279
58852
44182
59985
57155
26221
1898
32410
47145
45496
42835
10801
59977
58763
31429
55239
51965
29551
41415
48559
6151
11041
5784
16115
57278
59033
37021
28232
10904
62665
42859
40278
8199
38210
34254
7696
21803
10978
51130
60299
51197
32341
55449
50456
30215
28020
25483
42571
32294
41395
6956
51966
53766
31070
25762
17320
59832
50189
51279
50845
64178
36492
37787
64127
28585
13253
55682
5985
55354
43789
9379
60195
4827
30571
17500
7349
59620
16959
55448
56686
53284
38292
46118
2432
42952
4727
5584
21958
29470
5400
45812
29361
46309
57034
56782
47035
52471
60421
56266
49494
51429
7663
3994
35396
27308
21203
40316
41392
46875
8783
63633
46804
25700
55447
35928
25153
49303
56004
53209
51645
41950
9294
16089
63192
17247
3742
23251
53151
3107
34426
14308
64764
24852
58084
41778
26843
16623
56751
28499
45146
37029
35315
22940
4418
26749
22472
40908
14070
11998
14832
14823
26498
9911
18642
40745
3670
2521
59813
34925
29948
15591
43012
44277
44019
37811
57035
35331
37907
44398
49718
53437
38022
57613
52176
43648
38932
65318
22718
6195
18193
55344
5786
57333
18247
16490
45729
50033
22980
64996
58600
47858
3288
46577
7542
13262
4106
7493
46643
32389
1429
46572
64123
49177
33380
41024
42572
36043
12215
3105
48042
26413
10722
52836
61193
28468
37687
26602
9175
47137
16992
20541
58052
50158
44390
49495
46112
11689
65494
17783
25731
25594
18365
22235
28728
43082
1114
62561
54776
10223
10020
57653
2654
43394
56749
39327
36558
52078
44593
57233
5888
28689
37487
10016
13272
37316
41477
27147
8026
7153
28753
53678
45089
30794
48855
52489
18843
36537
24032
9369
9466
62824
44635
19482
54362
54123
60357
62315
57714
32098
16253
53072
53852
30459
17041
59802
21739
18514
29747
59978
27404
24830
54126
43163
64420
7912
5979
41047
25356
27223
25431
23786
30581
17885
4572
34158
55248
9684
41384
29385
25121
64045
41869
24546
59437
3335
64544
39895
59865
21135
63886
15118
31544
35292
52153
42706
62453
50355
22815
61288
30199
9120
18151
49923
21752
65345
15134
32936
30646
27800
57108
43326
43087
17322
16815
22271
41982
11080
53381
52346
30074
60722
59081
17540
6278
41225
46317
9298
39808
23766
8092
31826
27801
48541
55890
23565
28385
5110
62992
7429
65225
34249
63782
12524
37224
25041
18128
46220
58608
61755
42391
37610
20112
43600
26537
12155
2511
2620
33166
43809
12891
63153
30494
64085
25289
10213
50648
17281
41933
13038
31626
46976
12188
45552
12913
11167
34678
13595
17711
53452
58626
64337
55025
7847
20909
28163
15357
22483
47776
26400
28037
24278
31598
60593
57093
7304
54209
14750
13320
45820
65535
12494
49360
40383
41375
11600
18459
45792
25804
8678
14616
31639
27994
8809
35919
22427
53279
25603
55705
24567
61134
1308
1465
38193
56993
11323
61691
58764
29927
21891
29342
23305
15050
43537
3079
57865
27434
37411
37876
47369
29872
5333
29345
40070
63378
9302
17636
3947
15322
28243
4944
58694
760
21524
1194
8106
59397
5767
11568
47169
15770
14049
2143
36092
12542
24102
19885
4149
39046
33764
17295
56147
4359
24624
58468
54313
15361
46433
6073
17356
4194
36059
50413
21899
14869
58919
33800
50689
41979
31368
27538
43379
7162
26524
49132
46527
56398
50071
48921
17312
61435
9098
9313
42222
23803
62026
22323
40503
44290
31436
10499
61905
30900
48653
1072
25967
38908
30838
849
29144
22625
10185
29194
37521
54962
57138
10150
43427
18362
21798
17905
7704
33492
52431
34007
49933
40104
25824
730
29891
24387
28238
54401
64064
12848
55430
22211
42982
51441
34019
50024
35641
6845
39506
12212
25949
39877
19128
1662
16694
255
6133
7333
8150
35692
40047
43633
43514
43462
25982
3028
29801
57100
10910
3281
38628
11398
56754
27961
50855
38442
56533
63281
1588
50018
16265
7448
16539
48209
32228
17879
50964
34552
55971
16358
57450
6201
16235
23773
11051
1362
63197
26118
388
29319
41198
28622
57562
26268
17772
58117
56217
26463
52471
18728
41319
48544
54293
16743
50632
5473
36103
53338
46773
13585
44398
8488
43184
983
35658
1551
31825
1590
2889
40058
61022
18704
46959
36839
59373
34938
49825
33653
27466
20814
18943
13824
54681
13545
23230
23732
12234
42418
4114
58836
19524
11178
4954
7699
60866
47627
24414
59227
12135
42232
63487
65048
41573
6009
20694
62077
56029
47668
241
37804
32859
12619
42600
48185
63044
7935
11344
46889
43681
53376
3739
25615
25968
46468
27725
15618
11496
18902
20225
58259
39885
25696
16786
44897
49752
41304
15576
17208
49337
14292
56145
41370
26616
21956
20799
57529
812
41756
41087
5451
27673
52555
5339
33961
13114
43563
6196
44667
43147
17529
38109
24091
14416
55076
16718
8487
55677
44878
37297
15462
17197
8770
35760
22523
36678
13265
7641
34923
43759
24091
53188
20778
3454
50344
61873
36852
15564
19808
54054
37803
34346
59778
53032
44809
26179
17039
9110
27721
33747
62035
61094
50257
2515
3377
21397
55115
470
43448
38046
9940
65175
932
60997
6305
42573
6663
40357
1226
13129
11140
51843
35294
52550
8149
1259
44091
11662
56880
48969
4717
39231
21504
10114
49051
9868
51721
7618
5061
2328
20091
52425
49585
22063
56405
49075
20624
10212
25210
51945
46443
5792
29437
60185
31483
51032
48053
29762
51056
27071
12416
50722
41912
55751
13272
55582
6295
4807
61389
39128
47194
27852
20067
20262
51598
58960
41196
42028
40209
31287
34952
40540
22869
11097
19111
59461
13052
16581
37328
43419
16743
59425
2189
52765
51595
39610
4499
26335
31653
48606
40969
19191
3755
54389
21637
33240
18272
34487
12914
48674
36535
55682
40172
4491
5150
16753
42297
31761
14952
10954
55111
24574
61941
63174
38051
46038
13881
62698
9318
57659
18569
11361
2235
7777
27652
51657
336
7451
57122
10707
44900
45364
62663
62710
54376
32179
29009
52256
4531
24671
30159
7794
20152
43595
9503
58529
5627
54764
63941
62424
24400
21815
14536
10345
9022
59163
41815
56356
28182
10500
10092
34141
26077
31257
54384
20084
12939
53188
21826
19125
2242
33026
2626
16520
49741
58749
3383
62100
45405
43363
48027
17901
25186
1262
15104
33516
12334
24976
64565
25852
15767
1091
54799
27621
8895
57212
34055
23349
24954
58723
25327
33378
14128
59108
1744
1672
19133
62443
18930
13697
56528
9991
22856
60834
55561
2319
833
26127
28765
10804
11973
27985
47496
62440
16812
22372
24033
64481
28993
58755
14013
37609
22228
2323
17741
56362
21243
23698
58207
16779
1159
59742
59971
37326
27189
29629
50521
56160
53356
14454
39601
11810
58565
13341
32033
48161
47187
42194
49971
24711
64875
12138
25861
53867
54985
41272
39765
51536
25141
44121
52013
4405
8387
46407
12085
5686
10339
6779
14421
19009
59015
37271
36632
5314
16252
54730
11427
49662
11032
180
39149
20807
4773
22117
56061
39860
14041
59041
41694
19281
11357
17690
13010
37604
808
24721
18784
49837
15905
37317
63294
21805
15897
48907
50795
8810
58042
38052
47588
13877
44720
33968
33463
39290
53023
30743
20234
58703
45857
52295
1344
711
60210
42121
47028
17142
27651
30935
101
22766
63691
44131
36310
29246
59527
23267
65372
5120
1232
16965
46556
51423
20745
1567
8660
31193
56142
6137
30751
20101
40610
27430
26369
39947
7379
8391
11260
4721
59276
26899
17523
30824
24703
38443
19886
48298
43370
29432
43102
29593
904
18959
12073
26174
50150
5533
4681
12125
58408
17932
29568
62045
1828
41480
8252
36954
19254
29521
11168
55365
21239
33194
51696
41371
46299
2870
47728
35916
17643
49467
34449
58913
65058
56473
40348
31872
23672
12189
50443
37670
47712
1677
55182
58274
19975
1626
29199
8181
6308
42229
65135
35723
63128
29057
49706
37500
52916
4112
58154
63009
796
29962
6569
61944
62542
48162
23236
19067
59384
40445
46888
21337
38558
31397
62356
53733
13863
42496
47361
1347
4400
56000
18203
50890
46324
45072
12536
31704
59091
43756
10387
46538
59476
3458
15578
48790
59939
10755
10103
46966
54593
35474
34285
17666
696
18971
48268
22393
59051
6692
7278
24822
49460
33779
65344
5176
52961
22642
24427
36789
16811
7636
61532
18
8838
50383
33987
19756
37147
29986
15963
13286
13162
49856
24598
20217
59374
52744
59117
28799
25320
27400
15088
24360
37066
26869
16497
33530
48287
62837
60275
26804
16408
8667
50548
48747
11166
3199
55893
43591
62989
43364
29554
9012
1377
44039
21493
28098
16932
31880
44402
39645
63288
17627
21451
5504
58437
6981
23105
1387
39920
48819
62604
51827
21779
41809
25942
45940
8408
39636
53952
39026
46121
57371
57506
20091
27267
59802
64155
20589
63516
5483
50407
8010
6865
64903
27989
6742
428
18024
46413
6233
45874
50843
58729
15087
24692
32499
14928
2169
53021
35095
17500
13271
11499
45440
40769
57420
7222
13038
3
3708
22700
4071
64752
840
18084
60295
63585
21711
15157
25058
837
13129
35195
39307
23192
62695
61090
49183
49872
50165
62554
743
39058
3811
17696
18204
3741
26993
49287
56140
2110
30403
48384
51532
3542
9258
16690
36278
28841
34310
57020
17443
15351
33208
5044
52700
42550
45884
56663
57346
26026
43284
13790
1680
23237
18404
9940
36673
10120
28332
37311
35427
29082
30538
53194
62645
4942
64280
24427
1057
31287
2857
27200
5752
59227
25953
30381
1273
28813
54613
58705
34256
13160
54
19375
46679
33857
6065
34901
4471
23775
65406
56063
42459
29645
7727
63879
52153
13382
35339
14981
23004
64463
22685
34141
10755
13465
16760
56895
56683
62921
23680
35093
18416
5262
51314
57576
47826
1311
22855
63530
58356
35096
54755
51676
60392
7200
45960
29103
32798
63404
61908
23254
8145
46684
44575
16321
11687
24085
3827
59744
22003
24731
16979
59552
60980
58599
53779
43282
13875
2611
35435
44556
16901
26826
32536
5365
48855
42648
27718
29940
28298
50745
12572
22447
55443
55638
33767
5294
17661
55930
14791
11072
8595
49638
43026
64041
46340
64462
16928
10875
51361
32758
50512
24801
17291
8757
3420
63376
41383
46111
13844
8318
37431
6462
35944
60469
46384
5166
12491
13165
32836
56002
18220
16737
27817
9576
24331
42964
4503
41338
65242
48535
9608
21099
13110
41396
13666
22991
53938
562
26007
56752
7230
29216
47524
54890
7958
33084
8962
42168
18781
36045
13653
38210
50401
65202
37624
17250
18941
21106
30496
61764
34112
16721
47590
59920
30733
15285
4828
21454
42145
16444
34998
9346
50573
60820
64581
22676
5478
44064
43654
58005
14354
9624
47511
56753
361
11179
18114
20297
6006
14647
40193
43254
42897
1133
58277
26052
38677
6442
41005
41647
10492
12930
17786
48942
35632
26295
61752
42376
3958
8866
40740
51098
36448
11795
64745
35383
3410
23396
43220
25446
54587
18037
50689
25872
46285
25564
14823
4528
53380
11634
42465
58052
43932
7910
54094
50138
43159
28864
9973
20689
11592
41916
8204
62786
36580
24179
34205
9585
34163
21935
53661
2442
56482
49495
34935
51735
35126
40474
26203
39733
63524
58361
52555
699
64807
13554
22568
12137
1113
62076
23555
35709
17344
21889
59905
46861
28797
6234
19815
28031
42545
38453
19260
24751
38907
25755
38786
6875
2004
23431
3980
33235
50422
37939
40440
39207
56017
1906
2837
51611
4630
24455
63653
57585
47787
6132
31276
33267
55929
52557
65354
8205
10178
24715
64660
24489
41198
23113
3385
48066
31993
27584
21560
17682
39383
31384
7204
50960
24351
56079
2001
26175
19798
5766
18831
8361
37822
19682
498
28875
6571
10805
5778
37726
25448
59732
1372
46283
47070
40051
46555
8980
27069
14328
22428
53104
18206
46748
34854
10102
64423
18920
21333
857
52592
25699
64410
62728
6806
38077
43969
15795
36502
34769
24257
40020
16828
5202
2870
49815
5195
15080
56323
46658
14469
27223
24268
40521
17728
52652
48870
19422
31698
48170
37229
17488
29287
44164
22642
42785
48576
118
45283
14461
54410
8247
21635
16762
29163
18308
30649
14687
36406
1523
5597
5170
23170
19021
65279
9917
59506
13090
47951
17886
37024
13743
60228
51728
10959
13829
50250
36736
37044
14422
49234
47638
8648
35144
59294
47889
27128
54084
10122
52728
8318
7698
37712
19593
20023
19955
56551
63395
3401
21831
47297
48547
25961
63634
42749
59454
53935
7670
64654
46068
63196
6105
13963
38132
24740
62511
7654
16406
45054
28504
2669
36191
17479
59570
27960
33779
3830
24670
31997
6248
48736
44869
30336
5501
48542
31952
61502
14172
11103
61073
38805
4698
63382
16008
42588
635
33192
45527
5934
8271
60534
19733
13395
19812
42331
59882
30099
34160
28006
23807
42201
9476
21239
24616
7211
6762
7053
15578
20937
33778
27761
23413
17746
6247
47920
5584
12983
36205
34481
31850
62011
43860
17780
15988
57200
47702
44938
817
2231
49307
53506
16379
52607
42715
34452
50899
16168
49568
28705
55094
24584
39613
60813
41697
20743
51313
45300
52194
14727
31054
50967
1475
4789
25752
33513
29227
57161
33191
29964
38683
24448
13560
58012
35714
9907
10925
2472
41724
35101
29458
54180
1301
5283
29140
26965
5101
58360
2872
56863
50055
53120
9937
60622
19185
18456
1142
31724
17612
1229
6559
28134
4627
57987
51768
40931
25134
43853
37756
2865
15143
32603
24833
51077
58861
23312
11990
22856
14789
35097
44723
54764
63743
36079
62788
10884
11436
21928
50742
19697
42715
62301
42494
36938
22548
65091
38281
22492
54874
50822
10872
15191
1950
60245
27780
33045
8214
20004
35345
60067
11233
29127
37337
55953
56279
11153
8437
10951
52429
23396
33565
55061
38888
59113
31147
16889
38754
63583
35804
4206
61051
2640
60395
50965
25195
25617
5901
48457
22113
42665
3758
3140
33601
64369
32105
42819
7619
30047
7839
14372
12495
40947
6771
2138
13996
60153
46426
41635
71
17862
8498
54493
56958
30370
37149
52438
48211
30870
251
40321
29364
56045
47065
5512
29863
63057
10678
25399
63102
1125
62422
7758
43329
15261
42635
27884
58912
707
33596
44879
57804
57835
21732
27984
63006
53712
55108
51737
54994
64358
29982
3397
17825
28499
27375
34356
36815
11550
61809
15780
23707
21394
3181
17466
32327
9270
65237
35168
1943
49726
28577
48821
43888
9969
43755
65358
50241
37337
33644
33299
33553
61158
33090
12554
64261
63464
52897
24400
41900
44472
45426
12998
45927
41096
3297
32579
24847
6676
1759
32252
51676
55345
24234
54952
21477
42724
37424
5960
61261
54968
41823
56657
26082
37594
7100
24051
58268
19187
65318
38159
18334
21215
21889
31199
28093
7795
8645
8015
8782
62979
19044
29423
36166
2374
40683
23154
42187
34277
47056
39699
17035
62907
35730
16983
16569
4815
54770
6801
5025
25735
40799
6572
35249
3813
37413
7226
9701
63957
19498
46061
11702
55344
26199
19870
23767
7199
39197
37432
60262
54626
51050
9583
28791
5585
4622
59208
16297
21906
39906
43177
22115
31510
50948
334
16851
30558
19303
13612
43624
44382
11018
2682
19063
47139
48872
11998
64596
13924
40130
35677
36444
28738
6247
19079
2594
23772
34392
40067
52314
28064
178
38899
63202
50436
19916
16109
35343
4561
10400
23318
32754
10168
49586
58689
8371
54698
659
14906
2909
10965
18898
53731
2157
55323
51268
17779
11141
11781
58974
36935
26117
10904
38966
57821
56680
28469
62363
31277
56264
57712
54598
45416
22565
16990
47915
60316
1015
35537
64038
9780
48524
14433
5988
33484
51245
37730
49628
36539
23777
63756
53344
35668
65135
19372
56699
3660
33314
17570
58791
32327
20977
46529
28333
9122
64886
2412
43685
21274
33469
65232
9679
5510
42891
47665
30554
14207
29887
35999
12724
56280
10519
6813
45530
9871
23521
54039
9809
57697
13502
34540
8356
49640
36938
47704
40666
18774
13318
21616
51426
49565
15070
14846
42786
14694
8493
18625
5893
18983
6028
62109
59202
1974
59647
19870
45931
31137
35
64139
9172
4664
14590
30699
12271
34834
53144
51076
58441
29484
3965
12351
44700
59520
29453
6852
63528
48326
48270
52203
48343
62230
43779
6556
9018
25655
17352
11653
57796
49820
5238
18595
28665
35497
14425
5187
51640
6655
36575
62468
34487
24801
15845
39361
35828
22707
63831
43919
61282
30872
21029
65022
17160
48935
36428
56710
21205
62645
58444
18853
5008
34459
55948
18264
43027
45070
34961
32499
51241
39429
27036
59319
47340
8267
51072
2508
23768
4069
50839
22974
37082
61708
8678
57296
12097
57122
24072
1308
14365
4482
58222
18822
3165
43876
8839
23409
37987
13570
51023
40425
65428
61301
37632
28495
26503
38233
50087
20973
39536
16029
59119
36251
11305
7130
35157
40396
26438
53274
45574
9773
65334
62573
26480
41523
23686
2573
17902
15603
56477
62502
19130
26516
29083
19325
30248
53507
13508
11033
33440
19008
59783
51044
10058
9032
18305
28537
52900
26120
33441
56531
16385
35525
49322
44608
63572
23692
32286
64152
